NM_000539.3	NM_000539.3	100.000	2768	0	0	1	2768	1	2768	0.0	4993	9606
NM_000539.3	BX537381.1	99.923	2594	0	1	2	2593	1	2594	0.0	4667	9606
NM_000539.3	XM_002813145.5	96.736	2788	65	3	1	2768	9	2790	0.0	4628	9601
NM_000539.3	XM_516740.7	99.112	2589	18	1	1	2589	1828	4411	0.0	4566	9598
NM_000539.3	XM_003829435.4	98.997	2593	21	1	1	2593	1	2588	0.0	4560	9597
NM_000539.3	XM_004036292.3	98.957	2589	24	1	1	2589	1	2586	0.0	4546	9595
NM_000539.3	XM_003265030.4	95.992	2620	70	5	1	2593	1	2612	0.0	4261	61853
NM_000539.3	XM_054550536.1	96.644	2503	58	3	286	2768	732	3228	0.0	4146	9601
NM_000539.3	XM_011950692.1	94.717	2612	110	6	1	2589	6	2612	0.0	4087	336983
NM_000539.3	XM_033210838.1	94.292	2628	112	5	1	2593	1	2625	0.0	4075	54180
NM_000539.3	XM_023215965.2	94.495	2616	106	7	1	2581	1	2613	0.0	4072	591936
NM_000539.3	XM_010381505.2	94.423	2618	114	5	1	2589	1	2615	0.0	4070	61622
NM_000539.3	XM_050781750.1	94.453	2614	119	5	1	2593	1	2609	0.0	4062	257877
NM_000539.3	XM_012060295.1	94.275	2620	110	6	1	2589	6	2616	0.0	4058	9531
NM_000539.3	XM_017885138.1	94.474	2606	114	5	1	2581	1	2601	0.0	4056	61621
NM_000539.3	XM_011974200.1	94.338	2614	116	6	1	2589	3	2609	0.0	4049	9568
NM_000539.3	XM_007985378.2	94.127	2622	119	5	1	2593	171	2786	0.0	4044	60711
NM_000539.3	XM_001094250.3	94.156	2618	119	5	1	2589	22	2634	0.0	4040	9544
NM_000539.3	XM_003906878.4	93.617	2632	118	7	1	2593	1818	4438	0.0	4003	9555
NM_000539.3	XM_012472901.2	91.200	2659	139	14	2	2593	21	2651	0.0	3764	37293
NM_000539.3	XM_008982215.4	90.702	2678	152	12	2	2593	28	2694	0.0	3741	9483
NM_000539.3	XM_032262385.1	89.789	2654	154	13	2	2593	31	2629	0.0	3612	9515
NM_000539.3	XM_017505088.2	89.519	2662	155	13	2	2593	19	2626	0.0	3597	2715852
NM_000539.3	NG_009115.1	100.000	1740	0	0	1029	2768	9967	11706	0.0	3139	9606
NM_000539.3	NG_009115.1	100.000	458	0	0	1	458	5001	5458	0.0	827	9606
NM_000539.3	NG_009115.1	100.000	242	0	0	790	1031	8893	9134	5.06e-117	437	9606
NM_000539.3	NG_009115.1	100.000	173	0	0	456	628	7237	7409	1.45e-79	313	9606
NM_000539.3	NG_009115.1	100.000	170	0	0	623	792	8610	8779	6.18e-78	307	9606
NM_000539.3	AC080007.26	100.000	1740	0	0	1029	2768	33193	31454	0.0	3139	9606
NM_000539.3	AC080007.26	100.000	458	0	0	1	458	38159	37702	0.0	827	9606
NM_000539.3	AC080007.26	100.000	242	0	0	790	1031	34267	34026	5.06e-117	437	9606
NM_000539.3	AC080007.26	100.000	173	0	0	456	628	35923	35751	1.45e-79	313	9606
NM_000539.3	AC080007.26	100.000	170	0	0	623	792	34550	34381	6.18e-78	307	9606
NM_000539.3	KP718610.1	100.000	1737	0	0	1032	2768	1432	3168	0.0	3133	9606
NM_000539.3	KP718610.1	100.000	456	0	0	1	456	1	456	0.0	823	9606
NM_000539.3	KP718610.1	99.583	240	1	0	792	1031	1092	1331	2.62e-114	429	9606
NM_000539.3	KP718610.1	100.000	169	0	0	457	625	557	725	2.16e-77	306	9606
NM_000539.3	KP718610.1	100.000	166	0	0	626	791	826	991	9.17e-76	300	9606
NM_000539.3	KP734176.1	100.000	1737	0	0	1032	2768	1432	3168	0.0	3133	9606
NM_000539.3	KP734176.1	99.781	456	1	0	1	456	1	456	0.0	819	9606
NM_000539.3	KP734176.1	100.000	240	0	0	792	1031	1092	1331	6.17e-116	434	9606
NM_000539.3	KP734176.1	100.000	169	0	0	457	625	557	725	2.16e-77	306	9606
NM_000539.3	KP734176.1	100.000	166	0	0	626	791	826	991	9.17e-76	300	9606
NM_000539.3	U49742.1	99.885	1740	1	1	1029	2768	5165	6903	0.0	3126	9606
NM_000539.3	U49742.1	100.000	458	0	0	1	458	200	657	0.0	827	9606
NM_000539.3	U49742.1	100.000	242	0	0	790	1031	4093	4334	5.06e-117	437	9606
NM_000539.3	U49742.1	100.000	173	0	0	456	628	2438	2610	1.45e-79	313	9606
NM_000539.3	U49742.1	100.000	170	0	0	623	792	3810	3979	6.18e-78	307	9606
NM_000539.3	XM_035273797.2	90.158	2215	129	13	456	2593	30	2232	0.0	3034	9483
NM_000539.3	XM_011734526.1	94.737	1862	68	4	1	1835	23	1881	0.0	2926	9545
NM_000539.3	XM_045385664.1	94.760	1851	68	4	1	1826	1	1847	0.0	2910	9541
NM_000539.3	S76579.1	94.484	1849	70	5	1	1818	1	1848	0.0	2882	9541
NM_000539.3	AC202612.3	93.337	1771	82	6	1029	2768	42456	40691	0.0	2668	9544
NM_000539.3	AC202612.3	95.415	458	21	0	1	458	47315	46858	0.0	732	9544
NM_000539.3	AC202612.3	98.347	242	4	0	790	1031	43512	43271	1.36e-111	419	9544
NM_000539.3	AC202612.3	96.532	173	6	0	456	628	45131	44959	2.02e-71	286	9544
NM_000539.3	AC202612.3	93.529	170	11	0	623	792	43795	43626	9.80e-63	258	9544
NM_000539.3	XM_035702806.2	80.198	2828	389	47	4	2768	1	2720	0.0	2518	286419
NM_000539.3	XM_025885151.1	81.558	2619	362	35	8	2582	6	2547	0.0	2498	34884
NM_000539.3	XM_028101668.1	81.405	2619	366	35	8	2582	6	2547	0.0	2480	34886
NM_000539.3	XM_027584573.1	81.443	2619	366	36	8	2582	6	2548	0.0	2479	9704
NM_000539.3	XM_025377237.1	95.396	1542	56	3	1	1530	3	1541	0.0	2461	9565
NM_000539.3	XM_021695166.1	80.972	2633	364	35	8	2582	6	2559	0.0	2456	29088
NM_000539.3	XM_004395657.1	81.181	2625	369	37	2	2580	1	2546	0.0	2453	9708
NM_000539.3	XM_006740235.1	80.363	2648	378	32	1	2582	1	2572	0.0	2415	9713
NM_000539.3	XM_008152292.2	80.304	2635	354	34	2	2580	23	2548	0.0	2408	29078
NM_000539.3	X71380.1	80.860	2628	374	40	3	2582	43	2589	0.0	2408	9615
NM_000539.3	XM_034997144.1	80.394	2642	381	34	1	2581	97	2662	0.0	2400	9715
NM_000539.3	XM_045904304.2	80.387	2636	382	34	8	2582	6	2567	0.0	2392	9716
NM_000539.3	XM_036073606.1	80.302	2645	377	37	1	2582	95	2658	0.0	2385	9711
NM_000539.3	XM_032412232.1	80.357	2632	381	35	8	2582	6	2558	0.0	2381	9720
NM_000539.3	XM_005870029.2	80.030	2624	356	41	2	2580	12	2512	0.0	2337	109478
NM_000539.3	XM_023619934.1	79.908	2608	356	35	2	2581	6715	9182	0.0	2335	9796
NM_000539.3	XM_026016915.1	80.223	2508	355	35	96	2550	1	2420	0.0	2257	9627
NM_000539.3	XM_006758300.2	79.152	2643	378	42	2	2580	11	2544	0.0	2250	225400
NM_000539.3	XM_036911431.1	79.091	2683	398	46	7	2646	1	2563	0.0	2250	143292
NM_000539.3	XM_017647349.2	78.725	2698	404	43	7	2659	1	2573	0.0	2238	9974
NM_000539.3	XM_010984900.2	78.524	2738	438	48	2	2703	3960	6583	0.0	2206	9838
NM_000539.3	BC112106.1	100.000	1213	0	0	9	1221	1	1213	0.0	2188	9606
NM_000539.3	XM_040491906.1	81.236	2281	309	24	1	2232	16	2226	0.0	2184	1608482
NM_000539.3	XM_040491906.1	74.380	363	66	7	2222	2582	2292	2629	4.75e-54	229	1608482
NM_000539.3	XM_045493891.1	81.140	2280	303	25	1	2232	10	2210	0.0	2176	46844
NM_000539.3	XM_045493891.1	77.808	365	69	7	2222	2582	2276	2632	1.27e-67	273	46844
NM_000539.3	XM_024556478.3	78.241	2661	393	41	1	2580	3	2558	0.0	2172	9430
NM_000539.3	XM_043588190.1	80.842	2281	324	24	1	2232	16	2232	0.0	2138	37029
NM_000539.3	XM_043588190.1	76.860	363	74	6	2222	2582	2298	2652	2.81e-63	259	37029
NM_000539.3	XM_008260202.3	78.183	2521	330	48	143	2593	141	2511	0.0	2049	9986
NM_000539.3	XM_032149832.1	97.444	1213	31	0	9	1221	1	1213	0.0	2049	81572
NM_000539.3	XM_036431186.2	79.243	2298	320	32	2	2266	9	2182	0.0	1992	59472
NM_000539.3	XM_003796229.3	88.903	1541	156	7	1	1530	6	1542	0.0	1991	30611
NM_000539.3	XM_036332259.1	80.515	2176	301	33	96	2239	1	2085	0.0	1975	51298
NM_000539.3	XM_037139342.2	78.462	2354	353	29	1	2276	20	2297	0.0	1968	9417
NM_000539.3	XM_003926159.2	95.875	1212	50	0	10	1221	1	1212	0.0	1961	39432
NM_000539.3	XM_045832425.1	78.133	2346	334	34	19	2266	25	2289	0.0	1927	9423
NM_000539.3	XM_045812453.1	84.717	1747	214	16	5	1734	1	1711	0.0	1923	9643
NM_000539.3	XM_047781470.1	81.150	2000	244	25	1	1923	1	1944	0.0	1915	41426
NM_000539.3	XM_047781470.1	71.684	671	144	12	1915	2581	2185	2813	2.99e-88	342	41426
NM_000539.3	AB464154.1	100.000	1047	0	0	93	1139	7	1053	0.0	1889	32630
NM_000539.3	BC111451.3	99.622	1058	1	1	82	1139	24	1078	0.0	1889	32630
NM_000539.3	AM392780.1	100.000	1046	0	0	94	1139	19	1064	0.0	1887	32630
NM_000539.3	XM_037051045.1	81.733	1916	235	24	2	1849	18	1886	0.0	1874	192404
NM_000539.3	XM_020175614.1	87.145	1548	169	16	17	1548	3	1536	0.0	1850	51338
NM_000539.3	XM_008047820.2	91.426	1283	104	3	1	1282	1	1278	0.0	1810	1868482
NM_000539.3	XM_012785306.2	90.853	1290	109	6	2	1288	8	1291	0.0	1776	30608
NM_000539.3	XM_054482209.1	97.612	1047	25	0	96	1142	1	1047	0.0	1776	9600
NM_000539.3	XM_012655172.1	90.473	1291	115	3	2	1288	1	1287	0.0	1768	379532
NM_000539.3	XM_004368355.1	83.021	1708	218	24	86	1746	74	1756	0.0	1730	127582
NM_000539.3	XM_015074629.3	91.191	1226	107	1	1	1225	4845	6070	0.0	1721	32536
NM_000539.3	XM_045551518.1	91.556	1208	99	3	15	1221	1	1206	0.0	1709	9447
NM_000539.3	XM_008574046.1	91.384	1207	103	1	16	1221	2	1208	0.0	1705	482537
NM_000539.3	NM_001280858.1	81.600	1788	244	26	86	1814	82	1843	0.0	1701	9785
NM_000539.3	XM_019433593.2	90.605	1224	114	1	1	1223	18	1241	0.0	1686	9691
NM_000539.3	XM_019433593.2	73.197	929	154	20	1352	2232	1364	2245	1.11e-150	549	9691
NM_000539.3	XM_019646023.1	90.325	1230	117	2	6	1234	1	1229	0.0	1675	186990
NM_000539.3	XM_016122023.2	90.504	1211	114	1	8	1217	2	1212	0.0	1663	9407
NM_000539.3	XM_022498107.1	89.984	1228	121	2	8	1234	6	1232	0.0	1654	391180
NM_000539.3	XM_006917646.1	88.898	1270	129	3	8	1270	2	1266	0.0	1653	9402
NM_000539.3	XM_039231387.1	90.296	1216	111	4	23	1234	3	1215	0.0	1650	95912
NM_000539.3	XM_049641026.1	88.756	1254	110	2	1	1223	13	1266	0.0	1645	29064
NM_000539.3	XM_005387085.2	85.296	1469	166	17	88	1549	68	1493	0.0	1645	34839
NM_000539.3	XM_039888108.1	88.740	1270	131	3	8	1270	2	1266	0.0	1644	143291
NM_000539.3	XM_014838425.2	90.709	1184	108	2	2	1184	286	1468	0.0	1633	9793
NM_000539.3	XM_004442424.2	90.948	1171	105	1	56	1225	1	1171	0.0	1631	73337
NM_000539.3	XM_008854920.1	83.614	1544	195	15	15	1536	9	1516	0.0	1629	1026970
NM_000539.3	NM_001082349.1	91.436	1156	96	3	86	1240	3	1156	0.0	1628	9986
NM_000539.3	XM_002921249.4	90.801	1174	107	1	26	1198	1	1174	0.0	1627	9646
NM_000539.3	XM_007461564.1	88.337	1269	127	4	2	1270	1	1248	0.0	1623	118797
NM_000539.3	XM_007075434.2	91.161	1154	101	1	55	1207	1	1154	0.0	1618	9694
NM_000539.3	XM_042927549.1	91.161	1154	101	1	55	1207	1	1154	0.0	1618	9689
